-45.673341
-45.72178
-45.939891
-45.962502
-46.151274
-46.148247
-46.321697
-46.305568
-46.466433
-46.438887
-46.589325
-46.552052
-46.693491
-46.646539
-46.776331
-46.721355
-46.844776
-46.778869
-46.889952
-46.815073
-46.920639
-46.843364
-46.950079
-46.871848
-46.97679
-46.898696
-47.003064
-46.924002
-47.03307
-46.960649
-47.067644
-46.988181
-47.094622
-47.029271
-47.20187
-47.153271
-47.307425
-47.195491
-47.2911
-47.142043
-47.199741
-47.011059
-47.025219
-46.792209
-46.749718
-46.407415
-46.309653
-45.94748
-45.87208
-45.524168
-45.448854
-45.092551
-45.010187
-44.652218
-44.556783
-44.178825
-44.065605
-43.661881
-43.515688
-43.07727
-42.894416
-42.399202
-42.169295
-41.639331
-41.381962
-40.832355
-40.563417
-40.008785
-39.741669
-39.196281
-38.94471
-38.413835
-38.18514
-37.669248
-37.448553
-36.932978
-36.70428
-36.179218
-35.939881
-35.401802
-35.149175
-34.599289
-34.345567
-33.801312
-33.564446
-33.043394
-32.834671
-32.349036
-32.168625
-31.70641
-31.550996
-31.108477
-30.971792
-30.54937
-30.428408
-30.020592
-29.915224
-29.541446
-29.470606
-29.092907
-29.022955
-28.660786
-28.616567
-28.281336
-28.255288
-27.936221
-27.930286
-27.631309
-27.639807
-27.32853
-27.354313
-27.053104
-27.074343
-26.761025
-26.765906
-26.439495
-26.430261
-26.084562
-26.062033
-25.684667
-25.651145
-25.274839
-25.249186
-24.884908
-24.872047
-24.51922
-24.523211
-24.214912
-24.239092
-23.937081
-23.974211
-23.691464
-23.763246
-23.515251
-23.596935
-23.370036
-23.454736
-23.212837
-23.254654
-22.990929
-23.009991
-22.71755
-22.704211
-22.363801
-22.295122
-21.911804
-21.787009
-21.364821
-21.217086
-20.778946
-20.620746
-20.178176
-20.025912
-19.599205
-19.468475
-19.069926
-18.9731
-18.608128
-18.543021
-18.20241
-18.153353
-17.820104
-17.771326
-17.429952
-17.361086
-16.994768
-16.902132
-16.516139
-16.407015
-16.010844
-15.896653
-15.498905
-15.386247
-14.995596
-14.892692
-14.509847
-14.409709
-14.0255
-13.922336
-13.537408
-13.434895
-13.050121
-12.951541
-12.576676
-12.491313
-12.133051
-12.072552
-11.745964
-11.721722
-11.431703
-11.43904
-11.175881
-11.207619
-10.967023
-11.018227
-10.796322
-10.864789
-10.658492
-10.743445
-10.555721
-10.659318
-10.489253
-10.610706
-10.459738
-10.597576
-10.463067
-10.615576
-10.494662
-10.659085
-10.547374
-10.714531
-10.604921
-10.774406
-10.663579
-10.828773
-10.714534
-10.873863
-10.748548
-10.890696
-10.745293
-10.866034
-10.700344
-10.800979
-10.617563
-10.704334
-10.507626
-10.575211
-10.354375
-10.399115
-10.162629
-10.196533
-9.947161
-9.963644
-9.696286
-9.700321
-9.421887
-9.414978
-9.134381
-9.123396
-8.841324
-8.82037
-8.517323
-8.475965
-8.159021
-8.104652
-7.768584
-7.692721
-7.338787
-7.244003
-6.878048
-6.773885
-6.399828
-6.295144
-5.923741
-5.820368
-5.44722
-5.342532
-4.968755
-4.860958
-4.48279
-4.366092
-3.968497
-3.831379
-3.415596
-3.263534
-2.83678
-2.679115
-2.248655
-2.087771
-1.656506
-1.496125
-1.071077
-0.925718
-0.520893
-0.392821
0.004213
0.131473
0.53216
0.665385
1.072578
1.214943
1.632757
1.786375
2.214106
2.376272
2.807896
2.966862
3.390389
3.539939
3.951819
4.08843
4.488427
4.614605
5.003483
5.119825
5.500758
5.612589
5.991733
6.108149
6.493175
6.613651
7.000475
7.11897
7.500521
7.612042
7.985491
8.088996
8.454061
8.551069
8.906525
8.990781
9.3396
9.421819
9.767641
9.846948
10.193714
10.274791
10.625911
10.713351
11.068723
11.160984
11.523383
11.615408
11.969611
12.052766
12.395622
12.461183
12.783211
12.823708
13.119135
13.13278
13.400492
13.387036
13.632211
13.602844
13.835203
13.796326
14.021664
13.976544
14.191355
14.128485
14.319261
14.229029
14.389898
14.268355
14.395883
14.238665
14.328974
14.132898
14.182588
13.946362
13.958655
13.687527
13.666262
13.36216
13.306959
12.969247
12.880731
12.509167
12.388532
11.987671
11.841638
11.419217
11.256641
10.820422
10.64687
10.204617
10.029581
9.592271
9.43077
9.013196
8.87631
8.481141
8.360424
7.978309
7.869195
7.497143
7.396567
7.032708
6.940376
6.582223
6.491528
6.131731
6.043217
5.693699
5.619667
5.286514
5.230702
4.914475
4.870976
4.561706
4.522142
4.217254
4.183441
3.886132
3.858816
3.567133
3.546938
3.262839
3.250843
2.97618
2.974113
2.7096
2.719465
2.470593
2.49708
2.266506
2.311332
2.09838
2.161825
1.969776
2.059759
1.90152
2.030886
1.912667
2.073462
1.974324
2.147217
2.056677
2.233519
2.140552
2.312059
2.209577
2.3641
2.234045
2.354511
2.192928
2.291288
2.115946
2.205018
2.021719
2.101543
1.903813
1.964067
1.744567
1.785698
1.548404
1.571617
1.313842
1.310917
1.021877
0.985894
0.663122
0.593959
0.238408
0.133126
-0.25881
-0.394413
-0.812726
-0.96764
-1.395217
-1.550224
-1.970769
-2.109379
-2.503521
-2.604133
-2.94938
-2.997316
-3.29488
-3.297414
-3.550733
-3.511633
-3.725383
-3.65093
-3.832557
-3.727574
-3.883976
-3.757117
-3.892962
-3.744592
-3.859758
-3.69462
-3.799366
-3.627593
-3.72337
-3.540127
-3.624493
-3.423442
-3.474619
-3.249241
-3.276117
-3.037312
-3.058984
-2.812956
-2.824962
-2.564686
-2.558681
-2.277343
-2.256572
-1.985553
-1.964944
-1.67852
-1.634515
-1.323719
-1.257425
-0.926696
-0.842174
-0.495693
-0.405
-0.060537
0.037767
0.394517
0.487889
0.835125
0.918403
1.254387
1.315603
1.636972
1.679338
1.985409
2.024499
2.32803
2.356739
2.650668
2.66951
2.97412
3.013452
3.346268
3.398042
3.745217
3.809328
4.167545
4.244267
4.615572
4.7058
5.096379
5.18944
5.571482
5.668262
6.05567
6.152658
6.557254
6.668333
7.082001
7.200042
7.626379
7.76248
8.212449
8.374042
8.841151
9.02529
9.522216
9.72067
10.225049
10.423954
10.924874
11.123366
11.626886
11.823932
12.326551
12.521951
13.017135
13.196934
13.670955
13.831104
14.293503
14.444649
14.894678
15.038133
15.490574
15.646407
16.114603
16.286233
16.766104
16.946649
17.433327
17.622313
18.121733
18.315975
18.802271
18.969979
19.415165
19.531972
19.928374
20.013364
20.399214
20.483918
20.86569
20.9441
21.321769
21.405401
21.795196
21.892312
22.296084
22.408492
22.821552
22.933925
23.346491
23.462471
23.879837
23.998824
24.413147
24.523346
24.93212
25.041553
25.447359
25.546455
25.933844
26.005335
26.363023
26.416169
26.765777
26.815549
27.167261
27.221856
27.580413
27.646574
28.02466
28.112724
28.513344
28.623284
29.035611
29.148222
29.565064
29.684914
30.111371
30.239316
30.667908
30.791636
31.21675
31.340329
31.765049
31.883928
32.300563
32.40535
32.801708
32.884758
33.262555
33.331677
33.699857
33.760114
34.114983
34.15939
34.50116
34.537279
34.873408
34.907939
35.244427
35.278962
35.614172
35.646392
35.981475
36.019923
36.365062
36.413513
36.766284
36.821239
37.178612
37.232753
37.586714
37.640375
37.999956
38.062414
38.432012
38.503463
38.879019
38.953951
39.331768
39.406564
39.782209
39.851114
40.213907
40.259831
40.594105
40.610032
40.915742
40.907007
41.189484
41.158415
41.418716
41.365885
41.60526
41.532235
41.753559
41.661985
41.86361
41.752173
41.933665
41.801142
41.960156
41.806519
41.945524
41.773833
41.898146
41.715109
41.829093
41.635847
41.736635
41.528904
41.615915
41.396555
41.476268
41.255502
41.335353
41.113692
41.191083
40.965292
41.035566
40.803517
40.868681
40.634915
40.699222
40.459853
40.512706
40.259697
40.297616
40.03094
40.058762
39.78462
39.807786
39.530136
39.548666
39.266587
39.280547
38.992679
38.999723
38.705554
38.706458
38.408163
38.407465
38.107822
38.106103
37.80416
37.799634
37.501101
37.508811
37.227812
37.254628
36.994806
37.047308
36.817334
36.901483
36.701593
36.814506
36.641409
36.774982
36.615954
36.760823
36.611652
36.760467
36.606213
36.742506
36.572411
36.693938
36.513075
36.627804
36.439429
36.54302
36.340263
36.427395
36.209389
36.281315
36.049616
36.107966
35.859793
35.899057
35.629686
35.648113
35.361024
35.36456
35.065681
35.056829
34.740767
34.714241
34.388754
34.3586
34.029949
33.99673
33.669113
33.641618
33.323261
33.307837
33.004804
33.012303
32.737642
32.77013
32.520438
32.581511
32.36352
32.454671
32.263391
32.376342
32.19398
32.304982
32.109865
32.191909
31.962194
32.008229
31.741684
31.748702
31.440439
31.403717
31.051829
30.978932
30.593027
30.484074
30.070229
29.937706
29.503278
29.354919
28.912704
28.764195
28.327334
28.191955
27.778515
27.680607
27.319462
27.280249
26.975546
26.98751
26.725298
26.768351
26.529313
26.589826
26.360109
26.420847
26.185155
26.238913
25.995996
26.04436
25.797846
25.845671
25.603101
25.658608
25.427019
25.496518
25.277691
25.349464
25.125136
25.190739
24.962345
25.027224
24.797663
24.858995
24.628533
24.688521
24.456286
24.518685
24.298551
24.376108
24.16766
24.252566
24.046572
24.132627
23.927765
24.010829
23.802836
23.881739
23.668697
23.74437
23.529687
23.604171
23.384917
23.453493
23.230647
23.297853
23.073982
23.137693
22.906838
22.962076
22.723776
22.77511
22.535903
22.590508
22.356368
22.415811
22.186961
22.251235
22.02988
22.107435
21.900478
21.987941
21.7848
21.874031
21.673111
21.766364
21.569827
21.666781
21.474518
21.574713
21.381689
21.475471
21.274168
21.35991
21.146642
21.216476
20.985449
21.036718
20.786469
20.81665
20.542338
20.548888
20.257305
20.252125
19.952638
19.941351
19.636962
19.618964
19.306175
19.278846
18.957341
18.921606
18.593491
18.553654
18.221991
18.177719
17.841599
17.79518
17.458404
17.412701
17.077907
17.036222
16.705303
16.667002
16.339187
16.301588
15.971799
15.931552
15.596655
15.551307
15.209422
15.155762
14.797934
14.725944
14.349884
14.260256
13.869459
13.76751
13.36482
13.254196
12.848003
12.740486
12.339283
12.243003
11.85642
11.776507
11.404041
11.339615
10.985734
10.941944
10.606145
10.575535
10.249075
10.228388
9.911435
9.899203
9.593396
9.592242
9.291159
9.289845
8.987487
8.984725
8.68352
8.684406
8.388161
8.398046
8.112871
8.131576
7.856018
7.886775
7.626899
7.675032
7.43065
7.487272
7.241042
7.301827
7.05986
7.13233
6.905621
6.995921
6.790647
6.899471
6.711551
6.840091
6.674658
6.829063
6.676268
6.839584
6.688095
6.843429
6.675959
6.811901
6.628599
6.751662
6.558555
6.676829
6.489203
6.622503
6.44978
6.598483
6.447026
6.622433
6.498319
6.699054
6.596695
6.814671
6.7286
6.960458
6.886529
7.132623
7.073526
7.328455
7.273241
7.531574
7.478556
7.739222
7.688596
7.948673
7.895143
8.154015
8.098375
8.356548
8.30594
8.573815
8.534579
8.815103
8.790024
9.086611
9.077042
9.382616
9.369904
9.669386
9.648362
9.935509
9.898656
10.167615
10.112443
10.362194
10.286666
10.516337
10.423747
10.641131
10.535332
10.737193
10.614812
10.796743
10.645935
10.788939
10.597703
10.703355
10.477431
10.550134
10.292941
10.33619
10.051069
10.068505
9.761415
9.765588
9.457908
9.471077
9.179191
9.211677
8.941438
8.996506
8.749147
8.826652
8.601119
8.700219
8.497961
8.620381
8.435926
8.569148
8.39163
8.529181
8.351671
8.490228
8.316634
8.454894
8.261662
8.391555
8.195666
8.345667
8.164323
8.320959
8.152646
8.333481
8.193185
8.406538
8.30611
8.57843
8.514202
8.820347
8.769546
9.098853
9.081764
9.43888
9.440015
9.804377
9.807024
10.173284
10.176564
10.546192
10.547074
10.91575
10.902764
11.242156
11.194604
11.502573
11.437422
11.730371
11.648962
11.927355
11.843062
12.116243
12.018891
12.286392
12.198379
12.481918
12.407735
12.697884
12.629754
12.927521
12.86871
13.164209
13.119242
13.434605
13.408829
13.737541
13.721181
14.060695
14.059022
14.416395
14.436058
14.817441
14.867411
15.268217
15.333057
15.750395
15.832474
16.265044
16.362533
16.806538
16.913139
17.361512
17.466492
17.912163
18.010938
18.449626
18.537671
18.966429
19.047858
19.46795
19.542163
19.952261
20.014428
20.414247
20.470387
20.863735
20.91499
21.308657
21.361498
21.756699
21.814598
22.212608
22.273067
22.674876
22.738628
23.142405
23.2083
23.612002
23.670816
24.064658
24.116836
24.504915
24.55558
24.944746
24.995143
25.383732
25.43097
25.815729
25.860282
26.24541
26.292645
26.679373
26.7222
27.101967
27.137283
27.514653
27.553414
27.938708
27.985371
28.377909
28.43081
28.828291
28.885221
29.290589
29.357293
29.770566
29.840261
30.253384
30.320681
30.734415
30.80506
31.222834
31.293726
31.70809
31.776249
32.188723
32.258516
32.681438
32.765947
33.197276
33.280824
33.70637
33.78525
34.21144
34.293111
34.719997
34.802329
35.23134
35.310883
35.7321
35.807722
36.229103
36.304717
36.722874
36.794275
37.210047
37.281301
37.695858
37.761075
38.163105
38.214744
38.605494
38.650332
39.039064
39.08621
39.478802
39.530378
39.927561
39.983995
40.39032
40.463132
40.888177
40.980779
41.424291
41.532492
41.99013
42.111909
42.581607
42.708882
43.177405
43.292941
43.738889
43.823042
44.229226
44.267504
44.625003
44.611272
44.913526
44.843797
45.098193
44.982
45.175407
45.000829
45.140744
44.914823
45.002948
44.728232
44.771618
44.455749
44.458978
44.103946
44.079054
43.726484
43.717383
43.390644
43.418474
43.140105
43.22318
43.004567
43.151138
43.001824
43.220739
43.142694
43.426395
43.394989
43.712848
43.729712
44.098518
44.163153
44.574876
44.672559
45.104839
45.211242
45.64057
45.737745
46.165842
46.264947
46.673818
46.746133
47.11595
47.121083
47.447408
47.428949
47.739856
47.709212
47.998272
47.956212
48.244118
48.200801
48.478123
48.438301
48.745093
48.709853
49.001597
48.941573
49.204459
49.122217
49.34733
49.212635
49.380389
49.193928
49.302384
49.056366
49.108854
48.811288
48.818115
48.480095
48.451038
48.086233
48.040988
47.667336
47.61766
47.242748
47.19491
46.826615
46.79131
46.441404
46.429874
46.110782
46.133196
45.847996
45.907824
45.665444
45.773725
45.585432
45.751572
45.619682
45.834301
45.74724
46.003448
45.946615
46.214768
46.150719
46.403039
46.322737
46.558625
46.459273
46.672902
46.552294
46.744123
46.601291
46.773247
46.620375
46.795443
46.647775
46.819304
46.654352
46.79768
46.60648
46.737515
46.545065
46.679167
46.49592
46.645724
46.481586
46.652816
46.510999
46.702751
46.578539
46.791129
46.686453
46.914624
46.822639
47.061489
46.975473
47.215432
47.124923
47.358802
47.269746
47.513989
47.431087
47.675685
47.591686
47.836083
47.751842
47.995589
47.909782
48.15623
48.080171
48.341008
48.28575
48.570424
48.534205
48.829574
48.79945
49.101162
49.078025
49.384922
49.365983
49.673297
49.649311
49.947053
49.91044
50.193288
50.138711
50.400827
50.325054
50.568385
50.47786
50.709595
50.611976
50.841621
50.743203
50.970308
50.86852
51.096106
50.998362
51.231508
51.139615
51.379178
51.291401
51.532431
51.444245
51.682506
51.590144
51.825806
51.730774
51.960845
51.857013
52.077968
51.965492
52.17832
52.056991
52.259787
52.128746
52.323105
52.183099
52.367902
52.219264
52.396541
52.240288
52.411906
52.250039
52.416301
52.248865
52.409392
52.23722
52.393253
52.21542
52.364156
52.175843
52.309462
52.097137
52.196575
51.945825
52.005639
51.716065
51.735686
51.405897
51.387311
51.022385
50.972595
50.58344
50.518065
50.122982
50.056806
49.664837
49.603765
49.219845
49.169662
48.796577
48.757085
48.397923
48.376436
48.037788
48.040851
47.730429
47.764105
47.484973
47.551011
47.304236
47.406387
47.199523
47.339902
47.165734
47.334914
47.184412
47.369803
47.228103
47.416418
47.273053
47.457854
47.307763
47.482172
47.320629
47.482936
47.306989
47.447208
47.244368
47.357694
47.131716
47.224251
46.976814
47.047023
46.776679
46.823386
46.529748
46.556231
46.252275
46.273054
45.956353
45.963108
45.634891
45.633109
45.299243
45.293881
44.956822
44.948336
44.608405
44.597644
44.261006
44.264657
43.941775
43.955494
43.640961
43.66225
43.355764
43.386261
43.089599
43.129142
42.840612
42.886874
42.606966
42.668692
42.411275
42.499413
42.269903
42.38578
42.182522
42.324087
42.147576
42.315795
42.16512
42.357116
42.226626
42.435809
42.321796
42.549351
42.456441
42.706223
42.632528
42.895741
42.831648
43.105089
43.052001
43.335998
43.289698
43.573956
43.518422
43.781041
43.693766
43.921452
43.798399
43.989052
43.823118
43.965649
43.746454
43.83348
43.561733
43.603037
43.294185
43.304605
42.968834
42.957098
42.602224
42.57144
42.194419
42.139966
41.741175
41.664353
41.243396
41.150699
40.726584
40.643066
40.232728
40.17078
39.803638
39.809272
39.523643
39.613285
39.412765
39.583361
39.447294
39.66483
39.559765
39.801668
39.714443
39.959598
39.862885
40.092237
39.980268
40.194202
40.067848
40.274884
40.147786
40.3602
40.243724
40.471488
40.371653
40.613365
40.526753
40.780419
40.706324
40.974525
40.916167
41.197441
41.144722
41.421368
41.351783
41.600614
41.496095
41.704372
41.555681
41.717378
41.519138
41.629529
41.382783
41.451257
41.165864
41.198684
40.881464
40.885831
40.545381
40.533708
40.185301
40.17265
39.83009
39.827081
39.496445
39.512579
39.207838
39.256392
38.988868
39.07453
38.8392
38.953278
38.744331
38.882062
38.694707
38.851346
38.678748
38.846145
38.680032
38.848063
38.678812
38.842721
38.666438
38.820864
38.631961
38.768022
38.554391
38.665026
38.43001
38.526477
38.278905
38.363192
38.103953
38.176673
37.90594
37.968799
37.69176
37.754036
37.47747
37.537988
37.253182
37.304842
37.011749
37.056207
36.754513
36.785668
36.467878
36.484552
36.153548
36.157001
35.812663
35.80517
35.453787
35.442759
35.09044
35.082059
34.738879
34.744658
34.416906
34.438819
34.128528
34.169065
33.876936
33.937612
33.666589
33.749109
33.500638
33.604435
33.376784
33.501565
33.292698
33.43214
33.235857
33.388305
33.202392
33.36362
33.183394
33.347309
33.1688
33.332021
33.150787
33.313616
33.137128
33.307674
33.137174
33.312269
33.146438
33.327897
33.169766
33.358412
33.20774
33.404135
33.259864
33.461948
33.323534
33.532627
33.401648
33.616118
33.48623
33.70011
33.571907
33.789611
33.666158
33.888703
33.768335
33.991741
33.872811
34.10081
33.989385
34.22742
34.126247
34.371491
34.274242
34.520639
34.423303
34.66939
34.571157
34.814047
34.709544
34.945106
34.834261
35.063938
34.94765
35.172083
35.050418
35.266947
35.13394
35.336551
35.188112
35.369503
35.184953
35.326686
35.103175
35.209306
34.956313
35.037429
34.764598
34.831389
34.547986
34.604806
34.316673
34.384785
34.112003
34.195824
33.938189
34.034669
33.788354
33.894575
33.65697
33.77264
33.546906
33.672793
33.450623
33.577238
33.357399
33.487436
33.271472
33.404912
33.192229
33.328539
33.117437
33.25528
33.048723
33.197096
33.002933
33.160184
32.970139
33.126175
32.930519
33.078215
32.872007
33.006422
32.783978
32.899671
32.657185
32.75394
32.495375
32.577927
32.305897
32.375829
32.092464
32.152375
31.860469
31.914969
31.618192
31.667272
31.365584
31.411717
31.110078
31.161376
30.870959
30.93708
30.66392
30.749098
30.49502
30.600928
30.367714
30.492787
30.275873
30.415303
30.210184
30.358303
30.159295
30.310827
30.113987
30.2669
30.070743
30.22605
30.033015
30.191214
29.998783
30.155751
29.960648
30.112807
29.912198
30.058002
29.848931
29.984742
29.764206
29.887807
29.65577
29.771141
29.533586
29.646331
29.410023
29.525635
29.291722
29.408468
29.173051
29.288625
29.052731
29.16578
28.92404
29.028633
28.775829
28.868173
28.603663
28.687707
28.422438
28.512539
28.253353
28.348714
28.09686
28.202868
27.965568
28.09025
27.873606
28.019411
27.82195
27.980982
27.794912
27.969229
27.801868
27.993107
27.83964
28.040515
27.891502
28.09165
27.940411
28.138986
27.986583
28.181603
28.023419
28.213854
28.055497
28.249456
28.098833
28.302741
28.163462
28.376609
28.244376
28.463463
28.334459
28.553671
28.41958
28.628844
28.480761
28.674202
28.509601
28.686402
28.505949
28.668656
28.476122
28.632809
28.438769
28.596389
28.405207
28.566396
28.376495
28.53819
28.350991
28.517358
28.334087
28.502292
28.318071
28.48419
28.295883
28.45543
28.26108
28.417916
28.223627
28.38057
28.186554
28.345072
28.155919
28.323465
28.143914
28.320986
28.151658
28.338665
28.176607
28.367856
28.207991
28.399728
28.241155
28.432926
28.271599
28.459572
28.294417
28.479488
28.313507
28.500403
28.339717
28.532852
28.380321
28.58084
28.433391
28.636963
28.491645
28.696441
28.55118
28.753201
28.603016
28.798005
28.640774
28.828264
28.663611
28.846816
28.680712
28.862861
28.695471
28.879698
28.71766
28.908937
28.752935
28.949718
28.798496
28.99953
28.850939
29.053193
28.90593
29.112546
28.967918
29.174761
29.028861
29.235677
29.090629
29.298675
29.154874
29.364697
29.223131
29.43119
29.283739
29.48534
29.332886
29.529682
29.370256
29.559686
29.396654
29.585085
29.422435
29.609961
29.449922
29.644437
29.493251
29.69662
29.554591
29.770317
29.642086
29.867399
29.745061
29.973404
29.852552
30.080353
29.95681
30.178997
30.047253
30.259422
30.116388
30.315814
30.156295
30.338193
30.16036
30.324443
30.129325
30.276487
30.069218
30.21253
30.012412
30.173131
29.998419
30.194363
30.05983
30.299243
30.208862
30.494368
30.452008
30.783708
30.782292
31.147669
31.174179
31.568276
31.622074
32.038923
32.105559
32.5218
32.568491
32.942874
32.926244
33.218586
33.10336
33.284503
33.046461
33.101544
32.741878
32.687089
32.233603
32.104498
31.598258
31.441054
30.929414
30.785161
30.298398
30.185039
29.731082
29.651245
29.229936
29.181054
28.791917
28.775245
28.413931
28.42009
28.078947
28.102801
27.776302
27.813095
27.498045
27.546813
27.245398
27.306388
27.016523
27.088951
26.813809
26.902985
26.648875
26.766459
26.543359
26.691435
26.498977
26.674649
26.505029
26.699191
26.541427
26.736749
26.574098
26.757124
26.576874
26.739544
26.53721
26.677553
26.457589
26.587087
26.364123
26.501634
26.297379
26.459067
26.282747
26.472918
26.320126
26.525659
26.384986
26.601987
26.464648
26.661396
26.492881
26.658317
26.459519
26.593913
26.357299
26.455344
26.189622
26.258313
25.960416
26.001443
25.695966
25.739197
25.434205
25.47849
25.189003
25.268653
25.01536
25.116033
24.878108
24.998508
24.781112
24.918977
24.720388
24.879908
24.701048
24.867342
24.682621
24.845735
24.675059
24.86184
24.711786
24.91922
24.794382
25.023145
24.922109
25.180782
25.092387
25.364219
25.295744
25.565712
25.494969
25.746461
25.663139
25.895192
25.79148
25.996039
25.857198
26.049386
25.894356
26.058176
25.895597
26.064019
25.92468
26.095387
25.963909
26.154219
26.027664
26.215733
26.086665
26.277131
26.156189
26.359783
26.228834
26.422027
26.294571
26.485654
26.341938
26.536066
26.405441
26.605752
26.475767
26.672928
26.533644
26.729312
26.586005
26.778378
26.643203
26.843451
26.708409
26.903596
26.766918
26.963484
26.830354
27.030273
26.899708
27.098618
26.964365
27.151299
27.008449
27.197743
27.06525
27.263998
27.134278
27.334558
27.206309
27.402826
27.272086
27.467009
27.334554
27.525882
27.382407
27.559772
27.400948
27.569161
27.403564
27.565946
27.402677
27.569131
27.411147
27.583279
27.431095
27.609182
27.46075
27.64032
27.491903
27.671458
27.524237
27.702596
27.552437
27.729736
27.578474
27.753232
27.594352
27.760083
27.590798
27.743214
27.55828
27.692427
27.488269
27.60116
27.371699
27.45836
27.202543
27.266467
26.988078
27.030606
26.732694
26.759316
26.448872
26.466031
26.150631
26.16792
25.858719
25.888324
25.593237
25.637859
25.358785
25.421018
25.159445
25.241449
25.000127
25.102228
24.881274
25.003741
24.802846
24.949567
24.774713
24.946596
24.796708
24.991679
24.863426
25.08082
24.975202
25.212462
25.122879
25.371254
25.28735
25.537998
25.45637
25.708372
25.627285
25.876738
25.790743
26.033354
25.937609
26.167157
26.056472
26.269823
26.141066
26.335376
26.188352
26.364564
26.199292
26.355498
26.170613
26.310795
26.114507
26.250148
26.051455
26.184267
25.983334
26.113859
25.914198
26.050916
25.862992
26.013296
25.840458
26.005165
25.843064
26.017991
25.866337
26.050273
25.908083
26.099333
25.963185
26.159161
26.029286
26.233172
26.109573
26.318691
26.199643
26.415178
26.305201
26.529612
26.429437
26.662092
26.568801
26.806508
26.715938
26.958779
26.875632
27.127931
27.056216
27.320085
27.260096
27.53515
27.487288
27.775625
27.741658
28.043335
28.020516
28.329893
28.310916
28.621005
28.601687
28.907287
28.87894
29.170852
29.125413
29.397404
29.329702
29.577873
29.48699
29.712772
29.599155
29.80025
29.662446
29.83826
29.679554
29.838813
29.666021
29.813149
29.630635
29.770312
29.582876
29.721343
29.53677
29.682069
29.506237
29.64775
29.463611
29.597694
29.407458
29.537579
29.343729
29.46731
29.26563
29.378911
29.164885
29.268337
29.05454
29.160482
28.949233
29.057932
28.848831
28.961888
28.761689
28.885238
28.697303
28.834676
28.659366
28.810742
28.650389
28.815508
28.666522
28.839402
28.693721
28.865545
28.71443
28.880788
28.723825
28.885531
28.72269
28.876428
28.703815
28.847797
28.667004
28.803561
28.616661
28.7497
28.558826
28.689364
28.497731
28.629674
28.441642
28.581078
28.4029
28.550444
28.37428
28.520715
28.340894
28.481052
28.291817
28.418998
28.2133
28.320836
28.091584
28.173198
27.919311
27.98211
27.712388
27.760926
27.477591
27.513798
27.220082
27.247812
26.9469
26.967746
26.659582
26.672838
26.356471
26.360047
26.033145
26.026194
25.690092
25.67904
25.345528
25.342514
25.020063
25.029346
24.716549
24.730434
24.421021
24.442558
24.1447
24.177513
23.885063
23.916581
23.617981
23.640465
23.333007
23.351173
23.045998
23.069231
22.765767
22.787128
22.480667
22.499204
22.189034
22.203085
21.888588
21.89805
21.579231
21.586151
21.266525
21.272814
20.950959
20.953256
20.626132
20.621851
20.285688
20.272088
19.926704
19.904663
19.552498
19.525714
19.169132
19.137847
18.780135
18.75391
18.406385
18.396278
18.066697
18.074406
17.761
17.781695
17.478571
17.508708
17.213992
17.245955
16.940257
16.946234
16.596405
16.546412
16.137089
16.033896
15.582849
15.450557
14.984869
14.85412
14.402629
14.299822
13.88902
13.84009
13.492973
13.510039
13.220078
13.280536
13.019432
13.09438
12.835762
12.906767
12.639703
12.70138
12.425105
12.476414
12.192191
12.239973
11.955913
12.005837
11.724037
11.774944
11.493046
11.543502
11.260831
11.310842
11.027797
11.073657
10.780562
10.812487
10.50624
10.527765
10.213295
10.22691
9.905582
9.913547
9.588062
9.593816
