-7.1303
-7.2729
-7.5854
-7.7027
-7.9863
-8.0783
-8.3471
-8.4264
-8.683
-8.7514
-8.998
-9.057
-9.295
-9.3448
-9.5716
-9.6138
-9.8346
-9.8663
-10.075
-10.098
-10.302
-10.323
-10.528
-10.549
-10.753
-10.774
-10.978
-10.998
-11.207
-11.234
-11.441
-11.462
-11.669
-11.704
-11.978
-12.03
-12.285
-12.275
-12.472
-12.424
-12.584
-12.497
-12.614
-12.483
-12.543
-12.303
-12.308
-12.049
-12.077
-11.832
-11.86
-11.608
-11.629
-11.375
-11.384
-11.11
-11.101
-10.802
-10.76
-10.426
-10.348
-9.9583
-9.8335
-9.4089
-9.2569
-8.8129
-8.6496
-8.2008
-8.0397
-7.6004
-7.455
-7.0304
-6.9082
-6.4988
-6.3848
-5.976
-5.8542
-5.4362
-5.304
-4.8732
-4.7279
-4.2855
-4.1393
-3.7027
-3.5736
-3.1604
-3.0597
-2.6821
-2.6099
-2.2559
-2.2088
-1.8748
-1.8466
-1.5328
-1.5206
-1.2215
-1.2251
-0.96024
-0.99845
-0.72988
-0.76913
-0.51624
-0.58138
-0.35558
-0.43903
-0.22954
-0.33325
-0.14398
-0.26226
-0.060829
-0.19652
-0.0052809
-0.13655
0.066677
-0.048353
0.16785
0.066825
0.30221
0.21437
0.48132
0.40438
0.67017
0.58526
0.83893
0.74115
0.98328
0.86856
1.0661
0.93109
1.1223
0.97425
1.1461
0.96335
1.1004
0.90767
1.0235
0.82777
0.95858
0.80564
0.95823
0.82801
1.0093
0.91142
1.1406
1.0981
1.3701
1.3837
1.6946
1.731
2.0579
2.1048
2.436
2.477
2.7924
2.8118
3.099
3.0845
3.3382
3.292
3.5213
3.459
3.681
3.6184
3.8485
3.8061
4.0611
4.0425
4.3173
4.3152
4.6001
4.6031
4.8897
4.8912
5.1707
5.1625
5.4342
5.4233
5.6965
5.6886
5.9626
5.9541
6.2279
6.2156
6.4796
6.4541
6.7016
6.6513
6.8672
6.7807
6.9601
6.8422
6.9947
6.8525
6.9826
6.8209
6.9324
6.7536
6.8496
6.6544
6.7319
6.5182
6.5781
6.3466
6.3876
6.1398
6.1644
5.9021
5.9132
5.6391
5.6411
5.3644
5.3644
5.0855
5.0869
4.8124
4.8173
4.5488
4.5649
4.3137
4.3501
4.1204
4.1772
3.9678
4.0425
3.8471
3.9352
3.7591
3.8715
3.7184
3.8466
3.7045
3.8458
3.7212
3.8806
3.7687
3.9394
3.8385
4.0115
3.915
4.0896
4.0032
4.1989
4.1331
4.3429
4.2903
4.5194
4.4884
4.7356
4.7237
4.9831
4.9808
5.2485
5.2469
5.5121
5.5094
5.7766
5.7754
6.0434
6.0455
6.3181
6.3293
6.6215
6.6533
6.9639
7.0109
7.3326
7.3854
7.7111
7.7673
8.094
8.15
8.4707
8.5118
8.8125
8.8366
9.1297
9.1531
9.4501
9.4798
9.7835
9.8225
10.137
10.188
10.512
10.572
10.9
10.957
11.278
11.325
11.634
11.669
11.967
11.991
12.278
12.293
12.572
12.582
12.86
12.875
13.159
13.179
13.465
13.482
13.763
13.774
14.047
14.051
14.315
14.312
14.568
14.553
14.802
14.784
15.031
15.011
15.259
15.241
15.493
15.482
15.738
15.732
15.996
15.99
16.246
16.231
16.477
16.444
16.669
16.612
16.81
16.727
16.897
16.787
16.935
16.809
16.945
16.81
16.939
16.798
16.917
16.758
16.854
16.668
16.733
16.516
16.549
16.297
16.292
16.001
15.957
15.626
15.544
15.179
15.064
14.666
14.517
14.085
13.904
13.439
13.225
12.731
12.492
11.977
11.722
11.193
10.928
10.393
10.126
9.5971
9.3439
8.8348
8.6066
8.1201
7.9083
7.4353
7.2354
6.7727
6.5816
6.1274
5.9448
5.4966
5.316
4.8665
4.6883
4.2493
4.086
3.6637
3.5189
3.1138
2.9816
2.5837
2.4558
2.0626
1.9407
1.5554
1.4403
1.061
0.95332
0.58188
0.4827
0.121
0.032059
-0.31918
-0.39588
-0.73117
-0.79094
-1.1076
-1.1487
-1.4475
-1.4697
-1.7472
-1.7425
-1.9859
-1.9416
-2.1446
-2.0685
-2.2522
-2.1637
-2.3384
-2.2456
-2.4225
-2.3347
-2.5208
-2.4497
-2.663
-2.6256
-2.8701
-2.8545
-3.1125
-3.1058
-3.3714
-3.3737
-3.6534
-3.6749
-3.9761
-4.0164
-4.335
-4.3929
-4.7317
-4.8154
-5.1851
-5.3015
-5.7046
-5.8539
-6.2894
-6.4745
-6.9461
-7.1611
-7.6587
-7.8928
-8.3993
-8.6331
-9.1323
-9.3493
-9.8217
-10
-10.424
-10.549
-10.924
-11.004
-11.335
-11.373
-11.664
-11.666
-11.924
-11.895
-12.128
-12.077
-12.289
-12.216
-12.407
-12.317
-12.497
-12.4
-12.571
-12.462
-12.621
-12.494
-12.619
-12.468
-12.568
-12.403
-12.498
-12.325
-12.41
-12.223
-12.289
-12.08
-12.132
-11.933
-11.984
-11.769
-11.797
-11.557
-11.562
-11.302
-11.289
-11.013
-10.992
-10.718
-10.69
-10.403
-10.379
-10.101
-10.087
-9.8203
-9.8279
-9.5752
-9.6013
-9.3635
-9.3925
-9.1568
-9.1958
-8.9694
-9.0178
-8.7803
-8.8079
-8.5417
-8.5565
-8.2756
-8.2776
-7.9853
-7.9743
-7.6685
-7.6436
-7.3181
-7.2899
-6.9726
-6.9403
-6.6172
-6.5843
-6.2436
-6.1962
-5.846
-5.7913
-5.428
-5.3547
-4.9674
-4.8683
-4.4634
-4.3413
-3.9062
-3.7694
-3.3264
-3.1887
-2.7488
-2.6111
-2.1681
-2.0314
-1.5889
-1.4535
-1.018
-0.89771
-0.48297
-0.3819
0.021638
0.11414
0.50574
0.59098
0.98543
1.0835
1.4941
1.6084
2.0311
2.1548
2.5848
2.7173
3.1605
3.2987
3.7292
3.8413
4.2311
4.2928
4.6342
4.6645
4.9959
5.0264
5.3541
5.3787
5.7028
5.7331
6.0698
6.114
6.4651
6.525
6.8859
6.9462
7.307
7.3715
7.7375
7.8054
8.1689
8.2285
8.5869
8.6461
9.002
9.0514
9.3893
9.4116
9.7203
9.7246
10.026
10.027
10.331
10.338
10.648
10.667
10.998
11.039
11.393
11.457
11.823
11.89
12.261
12.335
12.716
12.799
13.183
13.262
13.643
13.722
14.103
14.178
14.552
14.613
14.967
15.007
15.342
15.369
15.696
15.714
16.028
16.031
16.331
16.327
16.622
16.617
16.913
16.908
17.203
17.196
17.492
17.492
17.798
17.808
18.123
18.14
18.46
18.476
18.793
18.81
19.133
19.159
19.492
19.528
19.867
19.907
20.249
20.289
20.63
20.664
20.992
21.004
21.305
21.287
21.559
21.517
21.767
21.703
21.931
21.846
22.053
21.948
22.138
22.015
22.186
22.044
22.194
22.032
22.16
21.977
22.086
21.885
21.98
21.768
21.853
21.632
21.704
21.468
21.527
21.28
21.333
21.085
21.138
20.889
20.94
20.688
20.732
20.474
20.514
20.255
20.294
20.03
20.058
19.78
19.794
19.503
19.507
19.209
19.209
18.908
18.904
18.599
18.59
18.28
18.265
17.949
17.928
17.608
17.586
17.265
17.243
16.92
16.895
16.576
16.564
16.263
16.27
15.991
16.024
15.775
15.84
15.622
15.716
15.525
15.64
15.463
15.59
15.424
15.555
15.384
15.503
15.316
15.421
15.224
15.322
15.118
15.206
14.987
15.059
14.826
14.882
14.636
14.679
14.417
14.441
14.158
14.162
13.861
13.851
13.538
13.516
13.187
13.147
12.809
12.766
12.424
12.379
12.039
11.999
11.669
11.641
11.327
11.323
11.037
11.058
10.797
10.847
10.618
10.699
10.497
10.599
10.407
10.508
10.302
10.375
10.135
10.172
9.8956
9.8932
9.5757
9.5299
9.169
9.0872
8.6926
8.575
8.1526
8.0117
7.569
7.4124
6.9621
6.8057
6.3609
6.2178
5.7967
5.6912
5.3226
5.2761
4.9641
4.9689
4.6996
4.7357
4.4898
4.5435
4.3071
4.3612
4.1189
4.1662
3.9169
3.959
3.7062
3.7479
3.4993
3.5487
3.3112
3.3748
3.1502
3.2162
2.9862
3.0462
2.8123
2.8716
2.6366
2.6926
2.4568
2.5115
2.274
2.3312
2.1059
2.1784
1.9649
2.0448
1.8338
1.9149
1.7051
1.7833
1.5705
1.6446
1.4267
1.4976
1.2782
1.348
1.124
1.1879
0.96043
1.023
0.79449
0.85358
0.61812
0.66876
0.42586
0.4726
0.22881
0.27882
0.040097
0.094949
-0.1385
-0.078823
-0.30479
-0.23185
-0.44344
-0.36062
-0.56842
-0.48386
-0.68948
-0.60094
-0.80221
-0.71002
-0.90707
-0.81169
-1.0096
-0.92065
-1.1269
-1.0461
-1.2643
-1.1995
-1.4356
-1.3894
-1.6448
-1.6198
-1.8993
-1.8981
-2.195
-2.2055
-2.5104
-2.5272
-2.8372
-2.8608
-3.1792
-3.2123
-3.5396
-3.5811
-3.9152
-3.961
-4.2987
-4.3491
-4.6915
-4.7442
-5.0873
-5.1394
-5.4807
-5.529
-5.8666
-5.9117
-6.2463
-6.2909
-6.6277
-6.6751
-7.0172
-7.0698
-7.4191
-7.4803
-7.8457
-7.9254
-8.3092
-8.4067
-8.8055
-8.9156
-9.3265
-9.4455
-9.8601
-9.9762
-10.386
-10.491
-10.887
-10.975
-11.357
-11.431
-11.794
-11.847
-12.193
-12.233
-12.569
-12.6
-12.927
-12.95
-13.266
-13.278
-13.589
-13.601
-13.915
-13.929
-14.241
-14.251
-14.559
-14.561
-14.858
-14.851
-15.139
-15.12
-15.392
-15.357
-15.614
-15.57
-15.829
-15.782
-16.037
-15.978
-16.218
-16.142
-16.361
-16.266
-16.468
-16.354
-16.534
-16.395
-16.562
-16.414
-16.581
-16.441
-16.624
-16.504
-16.703
-16.596
-16.805
-16.703
-16.908
-16.791
-16.981
-16.849
-17.018
-16.86
-17.002
-16.819
-16.939
-16.74
-16.844
-16.631
-16.723
-16.496
-16.575
-16.339
-16.414
-16.175
-16.248
-16.007
-16.078
-15.838
-15.912
-15.674
-15.751
-15.514
-15.586
-15.34
-15.401
-15.142
-15.189
-14.915
-14.947
-14.664
-14.7
-14.423
-14.468
-14.204
-14.264
-14.019
-14.099
-13.873
-13.973
-13.768
-13.885
-13.693
-13.824
-13.648
-13.796
-13.639
-13.816
-13.699
-13.917
-13.838
-14.091
-14.045
-14.329
-14.313
-14.626
-14.636
-14.971
-14.995
-15.331
-15.346
-15.667
-15.663
-15.963
-15.937
-16.214
-16.166
-16.421
-16.352
-16.585
-16.493
-16.708
-16.605
-16.814
-16.708
-16.916
-16.809
-17.015
-16.908
-17.134
-17.036
-17.265
-17.147
-17.361
-17.238
-17.439
-17.292
-17.466
-17.286
-17.421
-17.182
-17.281
-17.009
-17.095
-16.8
-16.853
-16.531
-16.565
-16.236
-16.269
-15.939
-15.972
-15.638
-15.674
-15.342
-15.392
-15.089
-15.174
-14.903
-15.006
-14.75
-14.87
-14.629
-14.751
-14.517
-14.652
-14.423
-14.55
-14.306
-14.419
-14.168
-14.275
-14.017
-14.116
-13.86
-13.945
-13.67
-13.736
-13.447
-13.504
-13.206
-13.248
-12.932
-12.953
-12.613
-12.605
-12.245
-12.222
-11.847
-11.807
-11.416
-11.361
-10.959
-10.895
-10.489
-10.427
-10.024
-9.9685
-9.573
-9.5282
-9.1428
-9.1048
-8.7283
-8.6978
-8.3316
-8.3134
-7.9576
-7.9456
-7.5966
-7.5897
-7.2405
-7.2323
-6.8818
-6.8687
-6.5155
-6.5001
-6.1434
-6.1248
-5.7663
-5.7458
-5.3876
-5.3743
-5.0261
-5.0197
-4.6774
-4.6727
-4.3295
-4.3252
-3.9827
-3.9817
-3.6432
-3.6451
-3.3064
-3.3057
-2.9655
-2.9694
-2.6363
-2.6478
-2.3173
-2.3254
-1.9871
-1.9875
-1.642
-1.6362
-1.286
-1.2763
-0.9182
-0.89885
-0.53296
-0.5107
-0.14506
-0.12528
0.24089
0.26394
0.63407
0.6573
1.024
1.0444
1.4091
1.4311
1.8062
1.8429
2.2263
2.262
2.6396
2.6706
3.0488
3.0825
3.4614
3.4958
3.8768
3.9084
4.2816
4.3092
4.6826
4.7102
5.0803
5.1037
5.4715
5.4947
5.8613
5.8786
6.2326
6.2363
6.5791
6.576
6.9169
6.9161
7.2609
7.2646
7.614
7.6226
7.9812
8.0063
8.3836
8.4286
8.8244
8.8851
9.2951
9.3694
9.7916
9.8715
10.293
10.361
10.76
10.796
11.155
11.147
11.457
11.396
11.652
11.535
11.743
11.58
11.726
11.505
11.598
11.326
11.368
11.047
11.044
10.682
10.639
10.238
10.167
9.7685
9.7136
9.3412
9.3234
8.9995
9.0372
8.7732
8.8746
8.6801
8.854
8.731
8.9699
8.8937
9.1669
9.1393
9.4637
9.484
9.8515
9.9051
10.293
10.356
10.742
10.795
11.18
11.235
11.601
11.63
11.957
11.919
12.203
12.142
12.41
12.337
12.584
12.5
12.746
12.661
12.896
12.815
13.08
13.004
13.254
13.153
13.375
13.252
13.437
13.262
13.389
13.163
13.231
12.946
12.959
12.622
12.589
12.212
12.144
11.74
11.656
11.244
11.156
10.743
10.657
10.251
10.178
9.7911
9.7423
9.3861
9.3716
9.0496
9.0729
8.7941
8.8662
8.6419
8.7722
8.6046
8.7837
8.6614
8.8825
8.7907
9.0241
8.9255
9.1435
9.029
9.231
9.0978
9.2779
9.1239
9.2825
9.1067
9.2458
9.0604
9.203
9.0232
9.1627
8.9659
9.0777
8.8551
8.9549
8.7315
8.8348
8.621
8.7404
8.5461
8.6874
8.5158
8.6781
8.5245
8.708
8.5744
8.7739
8.6535
8.8641
8.75
8.9621
8.844
9.0505
8.9343
9.1515
9.0419
9.26
9.1497
9.368
9.2579
9.476
9.3648
9.586
9.485
9.721
9.6412
9.9016
9.8413
10.113
10.059
10.337
10.291
10.575
10.533
10.818
10.772
11.048
10.989
11.25
11.174
11.415
11.319
11.541
11.43
11.642
11.524
11.734
11.616
11.824
11.703
11.912
11.795
12.01
11.9
12.122
12.016
12.24
12.135
12.356
12.247
12.466
12.354
12.568
12.449
12.654
12.526
12.724
12.588
12.776
12.63
12.811
12.657
12.828
12.665
12.829
12.66
12.819
12.645
12.798
12.619
12.767
12.584
12.728
12.539
12.677
12.478
12.601
12.378
12.468
12.207
12.257
11.959
11.969
11.63
11.603
11.23
11.172
10.775
10.701
10.299
10.225
9.8263
9.7583
9.3678
9.3112
8.9319
8.8865
8.5216
8.4946
8.1506
8.1486
7.8334
7.8624
7.5789
7.6408
7.3901
7.4885
7.2781
7.4152
7.2379
7.4043
7.2511
7.4341
7.2902
7.4765
7.3314
7.5147
7.3632
7.5365
7.3741
7.5357
7.3592
7.4992
7.2963
7.4098
7.1842
7.2773
7.0306
7.1018
6.8327
6.8808
6.5888
6.6171
6.3152
6.3382
6.0239
6.0333
5.7079
5.7092
5.3786
5.3767
5.0433
5.0387
4.7028
4.6963
4.3641
4.3724
4.0543
4.0731
3.7638
3.7905
3.4896
3.5259
3.2353
3.281
2.9989
3.0517
2.7786
2.8473
2.597
2.6924
2.4704
2.594
2.3986
2.5483
2.38
2.5567
2.4146
2.6154
2.4939
2.7122
2.6075
2.8446
2.7613
3.021
2.9573
3.2307
3.177
3.461
3.4186
3.7135
3.6782
3.9737
3.9296
4.2038
4.1282
4.3678
4.2568
4.4596
4.3061
4.4612
4.2547
4.3545
4.0958
4.1503
3.8548
3.8787
3.5565
3.5586
3.2177
3.201
2.8382
2.7982
2.4139
2.3518
1.9457
1.868
1.459
1.3908
0.99587
0.94949
0.59806
0.61955
0.34991
0.45569
0.27144
0.45844
0.33892
0.57313
0.48488
0.74373
0.67358
0.93595
0.85657
1.1034
1.009
1.2407
1.1322
1.3572
1.2482
1.4788
1.3807
1.627
1.5457
1.8061
1.7384
2.011
1.9559
2.2433
2.2043
2.5049
2.4718
2.768
2.7182
2.9869
2.9023
3.1307
3.0022
3.1842
3.0063
3.1372
2.9111
3.0003
2.7357
2.7894
2.4932
2.5187
2.1994
2.2091
1.882
1.8909
1.5699
1.5886
1.2797
1.3177
1.0349
1.1055
0.86014
0.96802
0.75499
0.89146
0.70499
0.86528
0.70057
0.87993
0.73014
0.92042
0.77727
0.96834
0.82221
1.0093
0.8563
1.0341
0.86859
1.0281
0.83807
0.97234
0.76102
0.88126
0.65753
0.76572
0.53046
0.62722
0.38059
0.46761
0.2148
0.30137
0.049151
0.13408
-0.12625
-0.050067
-0.31857
-0.24947
-0.52647
-0.47056
-0.76355
-0.72202
-1.0281
-0.99969
-1.319
-1.3015
-1.6277
-1.6136
-1.9407
-1.9238
-2.2417
-2.2106
-2.513
-2.4656
-2.7504
-2.6844
-2.951
-2.8647
-3.1101
-3.0019
-3.2247
-3.0951
-3.297
-3.1464
-3.3295
-3.1641
-3.3345
-3.1561
-3.3161
-3.1288
-3.283
-3.0931
-3.2455
-3.0561
-3.2112
-3.0222
-3.1725
-2.9758
-3.1201
-2.9187
-3.0583
-2.8505
-2.9823
-2.7673
-2.8916
-2.6689
-2.7867
-2.5582
-2.6702
-2.4347
-2.5392
-2.2983
-2.4017
-2.1613
-2.263
-2.0188
-2.1157
-1.8666
-1.9605
-1.7105
-1.8029
-1.5483
-1.6331
-1.3685
-1.4431
-1.1713
-1.2419
-0.96895
-1.0397
-0.767
-0.83863
-0.56914
-0.64704
-0.38488
-0.46913
-0.21285
-0.30255
-0.051521
-0.1466
0.096515
-0.0099137
0.21927
0.0974
0.30535
0.14735
0.31563
0.11866
0.25132
0.024846
0.13247
-0.11386
-0.020582
-0.27751
-0.19422
-0.45591
-0.36136
-0.60771
-0.49748
-0.72872
-0.60586
-0.82581
-0.69324
-0.90451
-0.76253
-0.96196
-0.8098
-1.0057
-0.85285
-1.0465
-0.89022
-1.08
-0.92041
-1.1069
-0.94452
-1.1295
-0.96561
-1.1461
-0.97172
-1.1399
-0.95665
-1.1207
-0.93877
-1.1085
-0.93495
-1.1153
-0.95507
-1.1517
-1.0103
-1.227
-1.1045
-1.3374
-1.2292
-1.4756
-1.3801
-1.6379
-1.5524
-1.8188
-1.7389
-2.0102
-1.9357
-2.212
-2.1405
-2.4169
-2.3403
-2.6054
-2.5141
-2.7621
-2.6518
-2.8807
-2.7498
-2.9579
-2.8078
-2.9998
-2.8354
-3.0156
-2.8427
-3.0169
-2.8405
-3.0126
-2.835
-3.0065
-2.8265
-2.995
-2.8122
-2.9801
-2.7987
-2.9693
-2.7928
-2.969
-2.7989
-2.9837
-2.8236
-3.02
-2.8722
-3.0801
-2.9407
-3.1542
-3.0174
-3.2298
-3.0903
-3.3003
-3.1597
-3.3713
-3.232
-3.4442
-3.3075
-3.5256
-3.3975
-3.6267
-3.5109
-3.752
-3.6445
-3.8864
-3.773
-4.0089
-3.8903
-4.119
-3.9899
-4.2041
-4.0563
-4.25
-4.0812
-4.2557
-4.0738
-4.2371
-4.04
-4.1846
-3.9707
-4.1015
-3.878
-4.0045
-3.7818
-3.9106
-3.6896
-3.8196
-3.6022
-3.7381
-3.5254
-3.6616
-3.4455
-3.574
-3.348
-3.4653
-3.2302
-3.3405
-3.0995
-3.2067
-2.9657
-3.078
-2.8471
-2.9735
-2.7585
-2.9015
-2.7032
-2.8622
-2.678
-2.8492
-2.6712
-2.8439
-2.665
-2.835
-2.6527
-2.8215
-2.6387
-2.8049
-2.6175
-2.7799
-2.5908
-2.7542
-2.5672
-2.7348
-2.5545
-2.7282
-2.5508
-2.7245
-2.547
-2.7205
-2.5416
-2.7103
-2.5224
-2.6816
-2.4843
-2.6334
-2.4262
-2.5681
-2.3568
-2.4966
-2.2848
-2.4234
-2.2117
-2.3531
-2.1453
-2.2907
-2.0858
-2.2321
-2.0255
-2.1666
-1.9538
-2.0868
-1.8668
-1.9947
-1.7717
-1.8976
-1.6735
-1.7994
-1.5781
-1.7091
-1.4949
-1.633
-1.4264
-1.5719
-1.3697
-1.5168
-1.3157
-1.4641
-1.261
-1.4042
-1.1941
-1.3313
-1.1158
-1.2483
-1.0286
-1.1586
-0.9377
-1.0664
-0.84126
-0.9674
-0.7421
-0.86958
-0.64438
-0.77107
-0.54471
-0.67022
-0.44215
-0.5655
-0.33925
-0.46855
-0.24883
-0.3832
-0.16835
-0.30975
-0.10233
-0.2474
-0.041037
-0.18579
0.019606
-0.1226
0.089729
-0.043679
0.17744
0.053132
0.28655
0.17598
0.41893
0.3142
0.56012
0.45682
0.70215
0.5961
0.83576
0.72146
0.95105
0.82541
1.0422
0.90003
1.0993
0.93871
1.1201
0.9422
1.1066
0.91652
1.077
0.89405
1.0719
0.9143
1.1273
1.0099
1.2663
1.193
1.4955
1.4701
1.8188
1.8343
2.2166
2.2601
2.6711
2.7417
3.1754
3.2589
3.692
3.7555
4.1467
4.1468
4.4559
4.3574
4.5553
4.334
4.4058
4.0628
4.0247
3.5879
3.4754
2.9858
2.8452
2.3502
2.2226
1.7524
1.6556
1.2183
1.155
0.75023
0.7179
0.3453
0.34516
0.0003665
0.023041
-0.30159
-0.26124
-0.57124
-0.51796
-0.81652
-0.75128
-1.0362
-0.95876
-1.2322
-1.1433
-1.402
-1.2963
-1.534
-1.3999
-1.6066
-1.4421
-1.6181
-1.426
-1.5791
-1.3685
-1.5098
-1.2981
-1.4443
-1.2448
-1.4086
-1.2295
-1.4153
-1.2585
-1.462
-1.3161
-1.5226
-1.3686
-1.5564
-1.3782
-1.538
-1.3313
-1.4676
-1.2456
-1.3697
-1.1362
-1.257
-1.0437
-1.1957
-1.0137
-1.1959
-1.0449
-1.2649
-1.1503
-1.3994
-1.3141
-1.5953
-1.5377
-1.8265
-1.7666
-2.0549
-1.9939
-2.2666
-2.1703
-2.4068
-2.2894
-2.5105
-2.3733
-2.5739
-2.4192
-2.601
-2.4246
-2.5865
-2.4034
-2.5712
-2.3911
-2.5448
-2.3411
-2.4741
-2.2497
-2.3575
-2.1117
-2.1956
-1.9198
-1.9911
-1.7021
-1.7534
-1.4663
-1.5198
-1.2511
-1.3171
-1.0678
-1.1542
-0.93226
-1.0537
-0.84415
-0.98176
-0.80049
-0.9456
-0.75967
-0.88148
-0.69322
-0.80711
-0.59918
-0.70809
-0.50235
-0.61371
-0.40551
-0.50869
-0.2873
-0.40042
-0.18937
-0.29894
-0.08993
-0.21569
-0.003575
-0.11618
0.10219
-0.0097104
0.20557
0.084446
0.2983
0.17322
0.38386
0.26698
0.48556
0.36889
0.58248
0.46424
0.67929
0.56467
0.78314
0.67117
0.88871
0.77312
0.97876
0.85466
1.0627
0.94906
1.1667
1.0559
1.2751
1.1658
1.3814
1.2697
1.4837
1.3704
1.5809
1.4567
1.6533
1.5138
1.7014
1.5552
1.737
1.5932
1.7792
1.6408
1.8325
1.7
1.8978
1.7691
1.9685
1.8399
2.0394
1.9121
2.1104
1.9803
2.1776
2.0465
2.2414
2.1027
2.2887
2.1397
2.3125
2.1479
2.3025
2.1188
2.2523
2.0434
2.1507
1.9155
2.0002
1.7426
1.8059
1.5289
1.5764
1.2869
1.3251
1.0307
1.0691
0.78111
0.83192
0.55809
0.62402
0.3663
0.44994
0.20982
0.31333
0.093561
0.21727
0.017964
0.16213
-0.017009
0.15151
-0.001488
0.1923
0.06436
0.28133
0.17513
0.41463
0.33116
0.59062
0.52329
0.79397
0.73242
1.0055
0.94629
1.2208
1.1623
1.4343
1.371
1.6363
1.5633
1.8156
1.7278
1.9641
1.8583
2.0756
1.9516
2.1509
2.0088
2.1882
2.0265
2.19
2.0171
2.1761
2.0009
2.1572
1.9798
2.1339
1.9579
2.1183
1.9541
2.1282
1.9792
2.1678
2.0296
2.2285
2.1009
2.3089
2.1908
2.4062
2.2943
2.5145
2.409
2.6372
2.538
2.7716
2.677
2.9171
2.8317
3.0807
3.0052
3.2626
3.1941
3.4566
3.3909
3.6586
3.6004
3.8777
3.831
4.1199
4.0851
4.3853
4.3626
4.6762
4.6675
4.9945
4.9971
5.3318
5.3383
5.6739
5.6801
6.0113
6.0085
6.3261
6.3063
6.604
6.5621
6.8361
6.771
7.0227
6.935
7.162
7.0502
7.252
7.1194
7.3047
7.158
7.3313
7.175
7.3409
7.1797
7.3445
7.1862
7.3579
7.2085
7.3764
7.2187
7.3793
7.2155
7.3722
7.2049
7.3551
7.1801
7.32
7.1327
7.2628
7.0758
7.2085
7.024
7.1595
6.9773
7.1172
6.9439
7.0943
6.9333
7.0977
6.9493
7.1277
6.9944
7.1866
7.0646
7.2646
7.146
7.345
7.221
7.4145
7.2847
7.4736
7.338
7.519
7.3736
7.5448
7.3913
7.5551
7.3955
7.5559
7.3923
7.5502
7.3859
7.5452
7.3845
7.5513
7.4006
7.5755
7.4267
7.6006
7.4481
7.6157
7.4539
7.6085
7.4302
7.5652
7.3634
7.4725
7.246
7.3363
7.094
7.17
6.9141
6.9777
6.7114
6.7666
6.4931
6.5414
6.2607
6.3013
6.0124
6.0434
5.7439
5.7643
5.4556
5.472
5.1658
5.1902
4.8951
4.9317
4.6462
4.6874
4.4053
4.4542
4.1836
4.2437
3.9785
4.0372
3.7658
3.8155
3.5352
3.5806
3.3025
3.3529
3.0765
3.125
2.8456
2.8912
2.608
2.6491
2.3615
2.3979
2.106
2.1399
1.8471
1.8802
1.5852
1.6143
1.3139
1.3363
1.0269
1.0399
0.72118
0.72574
0.40014
0.39989
0.069803
0.064982
-0.2663
-0.26614
-0.58731
-0.5711
-0.8744
-0.84045
-1.1277
-1.0808
-1.3578
-1.3016
-1.5703
-1.5123
-1.7921
-1.7602
-2.0841
-2.1083
-2.4919
-2.5693
-2.9947
-3.1014
-3.5415
-3.6467
-4.0727
-4.1501
-4.5355
-4.5591
-4.8809
-4.8386
-5.1034
-5.0178
-5.2539
-5.1539
-5.3876
-5.2917
-5.5339
-5.4474
-5.699
-5.623
-5.8826
-5.8103
-6.0698
-5.9955
-6.2529
-6.1777
-6.4354
-6.3607
-6.6193
-6.5452
-6.8043
-6.7345
-7.0037
-6.948
-7.2306
-7.1854
-7.4763
-7.4391
-7.737
-7.7057
-8.0078
-7.9789
